1 0.855745973311423 0.6574425661235296 0.2705424633339589 0.6245038873758801
0 0.45433939504225684 0.14282021688246366 0.29444620991548637 0.2856404337649273
0 0.7043562724170831 0.18672018372774626 0.25305879692145866 0.3428082184025195
0 0.6307141781929163 0.43323969806220236 0.24244729882131963 0.2893012164253531
0 0.3906535290665969 0.38526374897423576 0.25044163677722253 0.2974320514063251
0 0.35184102973218695 0.6108513393924152 0.21297669794763915 0.23034271049385407
0 0.55776306820118 0.6500717123966583 0.20796188962701406 0.21608920950527094
0 0.514518295215416 0.8313508873015181 0.1915004350298613 0.17951503954332715
0 0.32254965397288127 0.7962450113315255 0.19157317021222245 0.18264003954332714
0 0.3108101073357631 0.9317514298105947 0.1633377610179167 0.10968270060802218
0 0.4784879166063186 0.9374072277196976 0.16602634992374998 0.09106003460041094