1 0.8762481180985084 0.599355571879616 0.24750376380298328 0.6558228786991988
0 0.4220872001137307 0.15104031328123652 0.32542440022746144 0.30208062656247303
0 0.6812685405319101 0.16833146999244195 0.2862000741437381 0.3366629399848839
0 0.6531740099230128 0.40519386113039335 0.2715353962731289 0.31354437343752684
0 0.4059342539915137 0.39140218984370956 0.2796662312541008 0.3218118997458862
0 0.40894780193779773 0.619109960890397 0.23467738342154743 0.2506047576807461
0 0.6207766398845191 0.6286992505646973 0.22785438045579803 0.2361782366340588
0 0.6118194284392631 0.8124673058122518 0.2091388725471326 0.1976771787556686
0 0.4141485909868331 0.8044027187829048 0.20932987353571572 0.2023646787556685
0 0.4263050341804816 0.9297744451053814 0.17263368676785779 0.10514106826055958
0 0.5958362841804815 0.9199003742139858 0.17419618676785795 0.10523207352223167