0 0.49235888125000005 0.93218718125 0.54068195625 0.822355815625 0.39104788125 0.760618071875 0.34107021875 0.8744345093750001 0.49235888125000005 0.93218718125
0 0.5688556515625 0.7872736203125 0.6282101609375 0.6593943171875 0.45998727500000003 0.577534840625 0.401059128125 0.725362734375 0.5688556515625 0.7872736203125
0 0.7438257593750001 0.44713783593749995 0.5572703984375 0.3622373171875 0.48710020624999995 0.5436965328125 0.660330003125 0.6207071765625 0.7438257593750001 0.44713783593749995
0 0.8764541687499999 0.1965279109375 0.6854399953125 0.081070959375 0.5955416437500001 0.3061125734375 0.7836678640625 0.39837290468750003 0.8764541687499999 0.1965279109375
0 0.4279983265625 0 0.358698846875 0.20861069843750002 0.5700807265625001 0.31040813125 0.661166721875 0.0798841375 0.4883696125 0 0.4279983265625 0
0 0.324414325 0.2426792125 0.271305240625 0.44400673749999997 0.4627406328125 0.52829691875 0.53074614375 0.34221908125 0.324414325 0.2426792125
0 0.25921561249999997 0.48885623906250003 0.21115144375 0.641325971875 0.3871828921875 0.7273204484375 0.4437763265625 0.5720060296875 0.25921561249999997 0.48885623906250003
0 0.19541258125 0.688409821875 0.1668659609375 0.8128805390625 0.3215069453125 0.8697694546875001 0.3683428921875 0.741233384375 0.19541258125 0.688409821875
0 0.167886146875 0.8300879390624999 0.1446839265625 0.929887946875 0.288714696875 0.9736580296874999 0.314634840625 0.8941867421874999 0.167886146875 0.8300879390624999
0 0.33373116875000003 0.89735449375 0.2978809359375 0.9751785515625 0.41550878906250005 0.9946909843749999 0.4509111734375 0.9942790406249999 0.47199117656249995 0.9458466984375 0.33373116875000003 0.89735449375
1 0.735294496875 0.8517989859374999 0.7978783890625001 0.9902417109374999 0.8788029375 0.9893000687500001 0.9778441156250001 0.53210828125 0.98069578125 0.4621234125 0.9514643859374999 0.46028379218750004 0.735294496875 0.8517989859374999