0 0.6686512375 0.22024175625 0.6723628078125 0.1024874640625 0.5073374281249999 0.10490560625 0.5034000546875 0.22689919062500002 0.6686512375 0.22024175625
0 0.6777528687500001 0.400289090625 0.6792218734375 0.26214415625 0.4971325390625 0.262845628125 0.4864957921875 0.4192791265625 0.6777528687500001 0.400289090625
0 0.48158051406249996 0.6509688312499999 0.6910940859375 0.635342125 0.6903797625 0.44685120312500004 0.49663457031249997 0.459675003125 0.48158051406249996 0.6509688312499999
0 0.47619817343750004 0.9539207187500001 0.7032667984375001 0.9115618624999999 0.706415153125 0.6938162906249999 0.4922146828125 0.7157143671874999 0.47619817343750004 0.9539207187500001
0 0.1997243625 0.9672003265625 0.453274525 0.9468436468749999 0.47060635156249997 0.703171753125 0.2307485640625 0.72605093125 0.1997243625 0.9672003265625
0 0.25363100625 0.47912071718749993 0.21409242968750003 0.683027421875 0.4482965765625 0.6605336578125 0.4673798734375 0.4657012296875 0.25363100625 0.47912071718749993
0 0.28490504687499996 0.27654539218749996 0.2622003296875 0.43360958125 0.46910300937500005 0.418928846875 0.48518734375 0.2563641125 0.28490504687499996 0.27654539218749996
0 0.319491428125 0.10311958125000001 0.2910892828125 0.22774093125 0.4739195546875 0.2371647140625 0.487230728125 0.1026283828125 0.319491428125 0.10311958125000001
0 0.491628290625 0.0777531671875 0.5016781499999999 0.002918678125 0.3472293921875 0.002020121875 0.32800151093749996 0.0875637890625 0.491628290625 0.0777531671875
0 0.65957364375 0.0830077859375 0.6616453609375 0.0248839046875 0.543744334375 0.0031634124999999997 0.5117122562499999 0.0029770546875000003 0.5106454765625 0.08125663749999999 0.65957364375 0.0830077859375
1 0.8885044875 0.69311481875 0.9278344281249999 0.7046413296875 0.9651552796875 0.5495621609375 0.9913106125000001 0.141413846875 0.8612081765624999 0.258569775 0.8885044875 0.69311481875