0 0.53046875 0.225 0.55546875 0.10555555624999999 0.39375 0.0736111109375 0.36953125 0.1888888890625 0.53046875 0.225
0 0.5015625 0.415277778125 0.528125 0.2611111109375 0.34921875 0.22777777812500002 0.31796875 0.3625 0.5015625 0.415277778125
0 0.48203125 0.45277777812500003 0.29453125 0.40555555625000006 0.24921875 0.5888888890625 0.4515625 0.6416666671875 0.48203125 0.45277777812500003
0 0.42578125 0.702777778125 0.2203125 0.64305555625 0.171875 0.85555555625 0.38515625 0.9375 0.42578125 0.702777778125
0 0.68046875 0.7597222218749999 0.45 0.6944444437499999 0.409375 0.934722221875 0.65390625 1 0.68046875 0.7597222218749999
0 0.509375 0.46388888906250003 0.48203125 0.6569444437499999 0.70703125 0.7208333328125 0.71640625 0.515277778125 0.509375 0.46388888906250003
0 0.54140625 0.25694444375000003 0.51875 0.41805555625 0.71875 0.46944444374999994 0.73359375 0.3125 0.54140625 0.25694444375000003
0 0.57578125 0.10694444375 0.55703125 0.240277778125 0.7390625 0.2638888890625 0.740625 0.1375 0.57578125 0.10694444375
0 0.5859375 0 0.57734375 0.08194444375 0.7359375 0.1208333328125 0.7375 0.019444443750000002 0.5859375 0
0 0.42265625 0 0.4109375 0.05694444375 0.5578125 0.08194444375 0.5765625 0 0.42265625 0
1 0 0 0 0.6138888890625 0.04140625 0.609722221875 0.17109375 0.1916666671875 0.03125 0 0 0